1\1.png 1 31 8 148 348
1\1731365684512.jpg 1 104 71 353 556
1\1731365940341.jpg 1 157 101 300 526
1\1731365962252.jpg 1 38 16 167 367
1\1731366010558.jpg 1 64 25 204 379
1\1731366037138.jpg 1 45 39 193 329
1\1731367680276.jpg 1 78 21 214 366
1\1731367704714.jpg 1 80 22 182 351
1\1731367714793.jpg 1 93 54 146 367
1\1731367722142.jpg 1 94 37 172 397
1\1731367737687.jpg 1 48 14 149 386
1\1731367822183.jpg 1 54 9 191 406
1\1731367830935.jpg 1 63 5 124 327
1\1731367840744.jpg 1 51 11 164 374
1\1731367850560.jpg 1 38 13 157 323
1\1731367857754.jpg 1 108 23 232 341
1\1731367865031.jpg 1 73 35 192 297
1\1731374481677.png 1 27 51 187 298
1\1731374496938.jpg 1 48 18 319 430
1\1731374516107.jpg 1 55 15 217 433
1\1731374532985.png 1 64 10 217 379
1\1731374545899.jpg 1 55 6 212 350
1\1731374555543.jpg 1 23 14 169 385
1\1731374566815.jpg 1 42 18 175 385
1\1731374578309.jpg 1 28 20 197 383
1\1731374605638.jpg 1 33 13 254 383
1\1743.png 1 47 8 222 434
1\1754334.png 1 72 10 191 347
1\17654.png 1 49 14 158 408
1\177.png 1 52 6 190 387
1\17788.png 1 36 9 224 380
1\1788.png 1 72 0 139 279
